

11

4 5

00010
00110
01100
01100

10 10
0000000000  
0000000000
0000000000
0000000000
0000000000
0000000000
   0000000000
0000000000
0000000000
0000000001

11 11
00000000000
00000000000
00000000000
00000000000
00000000000
00000100000
00000000000
00000000000
00000000000
00000000000
00000000000

10 10
1000000001
0000000000
0000000000

		  	
0000000000
0000000000
0000000000
0000000000
0000000000
0000000000
1000000001



15    20
10000000000000000000
00000000000000000000
00000000000000000000
00000000000000000000
00000000000000000000
00000000000000000000
00000000000000000000
00000000000000000000
00000000000000000000
00000000000000000000
00000000000000000000
00000000000000000000
00000000000000000000
00000000000000000000
00000000000000000000

15 20   
00000000000000000000
00000000000000000000
00000000000000000000
00000000000000000000
00000000000000000000
	   00000000000000000000
11111111111111111111
00000000000000000000
00000000000000000000
00000000000000000000
00000000000000000000 
00000000000000000000
00000000000000000000
00000000000000000000
00000000000000000000



 	3 	4  	
0001
0011	
0110

4 5
00010
00110
01100  
  01100

10 10
0000000000
0000000000


0000000000
0000000000
0000000000
0000000000
0000000000
0000000000



0000000000
0000000001

10	 10
0001000010
0001000010
0011000110
0110001100
0110001100
0110001100

0110001100
0110001100
	0110001100
0110001100

	1 3
010


